[16, 0, 0]
[16, 0, 0]
[16, 0, 0]
[16, 0, 0]
[16, 0, 0]
[16, 0, 0]
[16, 0, 0]
[16, 0, 0]
[16, 0, 0]
[16, 0, 0]
[16, 0, 0]
[15, 0, 0]
[13, 0, 0]
[13, 0, 0]
[11, 0, 0]
[4, 2, 0]
[4, 2, 0]
[4, 2, 0]
[4, 1, 0]
[1, 2, 0]
[1, 3, 0]
[1, 3, 0]
[1, 2, 0]
[1, 2, 0]
[1, 1, 0]
[1, 0, 0]
[1, 0, 0]
[1, 0, 0]
[1, 0, 0]
[1, 0, 0]
[1, 0, 0]
[1, 0, 0]
[1, 0, 0]
[1, 0, 0]
[1, 0, 0]
[1, 0, 0]
[1, 0, 0]
[1, 0, 0]
[1, 0, 0]
[1, 0, 0]
[1, 0, 0]
[1, 0, 0]
[1, 0, 0]
[1, 0, 0]
[1, 0, 0]
[1, 0, 0]
[1, 0, 0]
[1, 0, 0]
[1, 0, 0]
[1, 0, 0]
