Epsilon: 0.1, Time: 0.0005570209978031926
VR: [[(-0.609568, -0.0, 0.609568)], [(-0.609568, -0.0, -0.609568)], [(-0.438243, 0.433546, -1.594795)], [(-0.632209, -0.06377, 0.012863)], [(-0.538509, 0.189658, -1.071504)], [(-0.363348, 0.623685, -2.17346)], [(-0.549859, 0.11134, 1.283715)]]
Epsilon: 0.15000000000000002, Time: 0.0006829729973105714
VR: [[(-0.609568, -0.0, 0.609568)], [(-0.609568, -0.0, -0.609568)], [(-0.438243, 0.433546, -1.594795)], [(-0.632209, -0.06377, 0.012863)], [(-0.538509, 0.189658, -1.071504)], [(-0.363348, 0.623685, -2.17346)], [(-0.549859, 0.11134, 1.283715)]]
Epsilon: 0.20000000000000004, Time: 0.0004610069954651408
VR: [[(-0.609568, -0.0, 0.609568)], [(-0.609568, -0.0, -0.609568)], [(-0.438243, 0.433546, -1.594795)], [(-0.632209, -0.06377, 0.012863)], [(-0.538509, 0.189658, -1.071504)], [(-0.363348, 0.623685, -2.17346)], [(-0.549859, 0.11134, 1.283715)]]
Epsilon: 0.25000000000000006, Time: 0.00040607599657960236
VR: [[(-0.609568, -0.0, 0.609568)], [(-0.609568, -0.0, -0.609568)], [(-0.438243, 0.433546, -1.594795)], [(-0.632209, -0.06377, 0.012863)], [(-0.538509, 0.189658, -1.071504)], [(-0.363348, 0.623685, -2.17346)], [(-0.549859, 0.11134, 1.283715)]]
Epsilon: 0.30000000000000004, Time: 0.0004801460017915815
VR: [[(-0.609568, -0.0, -0.609568)], [(-0.538509, 0.189658, -1.071504)], [(-0.438243, 0.433546, -1.594795)], [(-0.609568, -0.0, 0.609568)], [(-0.632209, -0.06377, 0.012863)], [(-0.363348, 0.623685, -2.17346)], [(-0.549859, 0.11134, 1.283715)], [(-0.609568, -0.0, -0.609568), (-0.538509, 0.189658, -1.071504)], [(-0.538509, 0.189658, -1.071504), (-0.438243, 0.433546, -1.594795)]]
Epsilon: 0.3500000000000001, Time: 0.00048002899711718783
VR: [[(-0.609568, -0.0, 0.609568)], [(-0.632209, -0.06377, 0.012863)], [(-0.549859, 0.11134, 1.283715)], [(-0.609568, -0.0, -0.609568)], [(-0.538509, 0.189658, -1.071504)], [(-0.438243, 0.433546, -1.594795)], [(-0.363348, 0.623685, -2.17346)], [(-0.609568, -0.0, 0.609568), (-0.632209, -0.06377, 0.012863)], [(-0.609568, -0.0, 0.609568), (-0.549859, 0.11134, 1.283715)], [(-0.632209, -0.06377, 0.012863), (-0.609568, -0.0, -0.609568)], [(-0.609568, -0.0, -0.609568), (-0.538509, 0.189658, -1.071504)], [(-0.538509, 0.189658, -1.071504), (-0.438243, 0.433546, -1.594795)], [(-0.438243, 0.433546, -1.594795), (-0.363348, 0.623685, -2.17346)]]
Epsilon: 0.40000000000000013, Time: 0.0004942099985782988
VR: [[(-0.609568, -0.0, 0.609568)], [(-0.632209, -0.06377, 0.012863)], [(-0.549859, 0.11134, 1.283715)], [(-0.609568, -0.0, -0.609568)], [(-0.538509, 0.189658, -1.071504)], [(-0.438243, 0.433546, -1.594795)], [(-0.363348, 0.623685, -2.17346)], [(-0.609568, -0.0, 0.609568), (-0.632209, -0.06377, 0.012863)], [(-0.609568, -0.0, 0.609568), (-0.549859, 0.11134, 1.283715)], [(-0.632209, -0.06377, 0.012863), (-0.609568, -0.0, -0.609568)], [(-0.609568, -0.0, -0.609568), (-0.538509, 0.189658, -1.071504)], [(-0.538509, 0.189658, -1.071504), (-0.438243, 0.433546, -1.594795)], [(-0.438243, 0.433546, -1.594795), (-0.363348, 0.623685, -2.17346)]]
Epsilon: 0.45000000000000007, Time: 0.0005036620059399866
VR: [[(-0.609568, -0.0, 0.609568)], [(-0.632209, -0.06377, 0.012863)], [(-0.549859, 0.11134, 1.283715)], [(-0.609568, -0.0, -0.609568)], [(-0.538509, 0.189658, -1.071504)], [(-0.438243, 0.433546, -1.594795)], [(-0.363348, 0.623685, -2.17346)], [(-0.609568, -0.0, 0.609568), (-0.632209, -0.06377, 0.012863)], [(-0.609568, -0.0, 0.609568), (-0.549859, 0.11134, 1.283715)], [(-0.632209, -0.06377, 0.012863), (-0.609568, -0.0, -0.609568)], [(-0.609568, -0.0, -0.609568), (-0.538509, 0.189658, -1.071504)], [(-0.538509, 0.189658, -1.071504), (-0.438243, 0.433546, -1.594795)], [(-0.438243, 0.433546, -1.594795), (-0.363348, 0.623685, -2.17346)]]
Epsilon: 0.5000000000000001, Time: 0.0006130490000941791
VR: [[(-0.609568, -0.0, 0.609568)], [(-0.632209, -0.06377, 0.012863)], [(-0.549859, 0.11134, 1.283715)], [(-0.609568, -0.0, -0.609568)], [(-0.538509, 0.189658, -1.071504)], [(-0.438243, 0.433546, -1.594795)], [(-0.363348, 0.623685, -2.17346)], [(-0.609568, -0.0, 0.609568), (-0.632209, -0.06377, 0.012863)], [(-0.609568, -0.0, 0.609568), (-0.549859, 0.11134, 1.283715)], [(-0.632209, -0.06377, 0.012863), (-0.609568, -0.0, -0.609568)], [(-0.609568, -0.0, -0.609568), (-0.538509, 0.189658, -1.071504)], [(-0.538509, 0.189658, -1.071504), (-0.438243, 0.433546, -1.594795)], [(-0.438243, 0.433546, -1.594795), (-0.363348, 0.623685, -2.17346)]]
Epsilon: 0.5500000000000002, Time: 0.0006195589958224446
VR: [[(-0.609568, -0.0, 0.609568)], [(-0.632209, -0.06377, 0.012863)], [(-0.549859, 0.11134, 1.283715)], [(-0.609568, -0.0, -0.609568)], [(-0.438243, 0.433546, -1.594795)], [(-0.538509, 0.189658, -1.071504)], [(-0.363348, 0.623685, -2.17346)], [(-0.609568, -0.0, 0.609568), (-0.632209, -0.06377, 0.012863)], [(-0.609568, -0.0, 0.609568), (-0.549859, 0.11134, 1.283715)], [(-0.632209, -0.06377, 0.012863), (-0.609568, -0.0, -0.609568)], [(-0.609568, -0.0, -0.609568), (-0.438243, 0.433546, -1.594795)], [(-0.609568, -0.0, -0.609568), (-0.538509, 0.189658, -1.071504)], [(-0.438243, 0.433546, -1.594795), (-0.538509, 0.189658, -1.071504)], [(-0.438243, 0.433546, -1.594795), (-0.363348, 0.623685, -2.17346)], [(-0.609568, -0.0, -0.609568), (-0.438243, 0.433546, -1.594795), (-0.538509, 0.189658, -1.071504)]]
Epsilon: 0.6000000000000002, Time: 0.0005827029963256791
VR: [[(-0.609568, -0.0, 0.609568)], [(-0.632209, -0.06377, 0.012863)], [(-0.549859, 0.11134, 1.283715)], [(-0.609568, -0.0, -0.609568)], [(-0.438243, 0.433546, -1.594795)], [(-0.538509, 0.189658, -1.071504)], [(-0.363348, 0.623685, -2.17346)], [(-0.609568, -0.0, 0.609568), (-0.632209, -0.06377, 0.012863)], [(-0.609568, -0.0, 0.609568), (-0.549859, 0.11134, 1.283715)], [(-0.632209, -0.06377, 0.012863), (-0.609568, -0.0, -0.609568)], [(-0.632209, -0.06377, 0.012863), (-0.538509, 0.189658, -1.071504)], [(-0.609568, -0.0, -0.609568), (-0.438243, 0.433546, -1.594795)], [(-0.609568, -0.0, -0.609568), (-0.538509, 0.189658, -1.071504)], [(-0.438243, 0.433546, -1.594795), (-0.538509, 0.189658, -1.071504)], [(-0.438243, 0.433546, -1.594795), (-0.363348, 0.623685, -2.17346)], [(-0.538509, 0.189658, -1.071504), (-0.363348, 0.623685, -2.17346)], [(-0.632209, -0.06377, 0.012863), (-0.609568, -0.0, -0.609568), (-0.538509, 0.189658, -1.071504)], [(-0.609568, -0.0, -0.609568), (-0.438243, 0.433546, -1.594795), (-0.538509, 0.189658, -1.071504)], [(-0.438243, 0.433546, -1.594795), (-0.538509, 0.189658, -1.071504), (-0.363348, 0.623685, -2.17346)]]
Epsilon: 0.6500000000000001, Time: 0.0008019289962248877
VR: [[(-0.609568, -0.0, 0.609568)], [(-0.609568, -0.0, -0.609568)], [(-0.632209, -0.06377, 0.012863)], [(-0.549859, 0.11134, 1.283715)], [(-0.438243, 0.433546, -1.594795)], [(-0.538509, 0.189658, -1.071504)], [(-0.363348, 0.623685, -2.17346)], [(-0.609568, -0.0, 0.609568), (-0.609568, -0.0, -0.609568)], [(-0.609568, -0.0, 0.609568), (-0.632209, -0.06377, 0.012863)], [(-0.609568, -0.0, 0.609568), (-0.549859, 0.11134, 1.283715)], [(-0.609568, -0.0, -0.609568), (-0.632209, -0.06377, 0.012863)], [(-0.609568, -0.0, -0.609568), (-0.438243, 0.433546, -1.594795)], [(-0.609568, -0.0, -0.609568), (-0.538509, 0.189658, -1.071504)], [(-0.632209, -0.06377, 0.012863), (-0.549859, 0.11134, 1.283715)], [(-0.632209, -0.06377, 0.012863), (-0.538509, 0.189658, -1.071504)], [(-0.438243, 0.433546, -1.594795), (-0.538509, 0.189658, -1.071504)], [(-0.438243, 0.433546, -1.594795), (-0.363348, 0.623685, -2.17346)], [(-0.538509, 0.189658, -1.071504), (-0.363348, 0.623685, -2.17346)], [(-0.609568, -0.0, 0.609568), (-0.609568, -0.0, -0.609568), (-0.632209, -0.06377, 0.012863)], [(-0.609568, -0.0, 0.609568), (-0.632209, -0.06377, 0.012863), (-0.549859, 0.11134, 1.283715)], [(-0.609568, -0.0, -0.609568), (-0.632209, -0.06377, 0.012863), (-0.538509, 0.189658, -1.071504)], [(-0.609568, -0.0, -0.609568), (-0.438243, 0.433546, -1.594795), (-0.538509, 0.189658, -1.071504)], [(-0.438243, 0.433546, -1.594795), (-0.538509, 0.189658, -1.071504), (-0.363348, 0.623685, -2.17346)]]
Epsilon: 0.7000000000000002, Time: 0.0007520209983340465
VR: [[(-0.609568, -0.0, 0.609568)], [(-0.609568, -0.0, -0.609568)], [(-0.632209, -0.06377, 0.012863)], [(-0.549859, 0.11134, 1.283715)], [(-0.438243, 0.433546, -1.594795)], [(-0.538509, 0.189658, -1.071504)], [(-0.363348, 0.623685, -2.17346)], [(-0.609568, -0.0, 0.609568), (-0.609568, -0.0, -0.609568)], [(-0.609568, -0.0, 0.609568), (-0.632209, -0.06377, 0.012863)], [(-0.609568, -0.0, 0.609568), (-0.549859, 0.11134, 1.283715)], [(-0.609568, -0.0, -0.609568), (-0.632209, -0.06377, 0.012863)], [(-0.609568, -0.0, -0.609568), (-0.438243, 0.433546, -1.594795)], [(-0.609568, -0.0, -0.609568), (-0.538509, 0.189658, -1.071504)], [(-0.632209, -0.06377, 0.012863), (-0.549859, 0.11134, 1.283715)], [(-0.632209, -0.06377, 0.012863), (-0.538509, 0.189658, -1.071504)], [(-0.438243, 0.433546, -1.594795), (-0.538509, 0.189658, -1.071504)], [(-0.438243, 0.433546, -1.594795), (-0.363348, 0.623685, -2.17346)], [(-0.538509, 0.189658, -1.071504), (-0.363348, 0.623685, -2.17346)], [(-0.609568, -0.0, 0.609568), (-0.609568, -0.0, -0.609568), (-0.632209, -0.06377, 0.012863)], [(-0.609568, -0.0, 0.609568), (-0.632209, -0.06377, 0.012863), (-0.549859, 0.11134, 1.283715)], [(-0.609568, -0.0, -0.609568), (-0.632209, -0.06377, 0.012863), (-0.538509, 0.189658, -1.071504)], [(-0.609568, -0.0, -0.609568), (-0.438243, 0.433546, -1.594795), (-0.538509, 0.189658, -1.071504)], [(-0.438243, 0.433546, -1.594795), (-0.538509, 0.189658, -1.071504), (-0.363348, 0.623685, -2.17346)]]
Epsilon: 0.7500000000000002, Time: 0.0006241099981707521
VR: [[(-0.609568, -0.0, 0.609568)], [(-0.609568, -0.0, -0.609568)], [(-0.632209, -0.06377, 0.012863)], [(-0.549859, 0.11134, 1.283715)], [(-0.438243, 0.433546, -1.594795)], [(-0.538509, 0.189658, -1.071504)], [(-0.363348, 0.623685, -2.17346)], [(-0.609568, -0.0, 0.609568), (-0.609568, -0.0, -0.609568)], [(-0.609568, -0.0, 0.609568), (-0.632209, -0.06377, 0.012863)], [(-0.609568, -0.0, 0.609568), (-0.549859, 0.11134, 1.283715)], [(-0.609568, -0.0, -0.609568), (-0.632209, -0.06377, 0.012863)], [(-0.609568, -0.0, -0.609568), (-0.438243, 0.433546, -1.594795)], [(-0.609568, -0.0, -0.609568), (-0.538509, 0.189658, -1.071504)], [(-0.632209, -0.06377, 0.012863), (-0.549859, 0.11134, 1.283715)], [(-0.632209, -0.06377, 0.012863), (-0.538509, 0.189658, -1.071504)], [(-0.438243, 0.433546, -1.594795), (-0.538509, 0.189658, -1.071504)], [(-0.438243, 0.433546, -1.594795), (-0.363348, 0.623685, -2.17346)], [(-0.538509, 0.189658, -1.071504), (-0.363348, 0.623685, -2.17346)], [(-0.609568, -0.0, 0.609568), (-0.609568, -0.0, -0.609568), (-0.632209, -0.06377, 0.012863)], [(-0.609568, -0.0, 0.609568), (-0.632209, -0.06377, 0.012863), (-0.549859, 0.11134, 1.283715)], [(-0.609568, -0.0, -0.609568), (-0.632209, -0.06377, 0.012863), (-0.538509, 0.189658, -1.071504)], [(-0.609568, -0.0, -0.609568), (-0.438243, 0.433546, -1.594795), (-0.538509, 0.189658, -1.071504)], [(-0.438243, 0.433546, -1.594795), (-0.538509, 0.189658, -1.071504), (-0.363348, 0.623685, -2.17346)]]
